     0/199     3.71G      2.64      2.31      21.8      26.8        18       416         0         0         0         0      1.74      2.41       126
     1/199     3.71G      2.45      1.87      0.17      4.49        17       416    0.0319    0.0857   0.00783    0.0465      2.31      1.92      1.23
     2/199     3.71G      2.43       1.6    0.0707      4.11        17       416    0.0124     0.343   0.00471     0.024      2.93      7.51  0.000995
     3/199     3.71G      2.35      1.49     0.011      3.85        11       416   0.00677     0.229   0.00164    0.0132      2.84       9.3  0.000272
     4/199     3.71G      2.42      1.33   0.00877      3.75        13       416    0.0124     0.429   0.00561     0.024      2.59         6  0.000335
     5/199     3.71G      2.34       1.2   0.00495      3.54        13       416     0.016     0.514    0.0105    0.0311      2.57      3.39  0.000796
     6/199     3.71G      2.33      1.17    0.0022       3.5        14       416    0.0185     0.543    0.0108    0.0357      2.75      3.04   0.00175
     7/199     3.71G      2.35      1.13   0.00211      3.48        17       416    0.0232     0.571    0.0187    0.0445      2.56      2.51   0.00258
     8/199     3.71G      2.39      1.02   0.00124      3.42        15       416    0.0258     0.657    0.0273    0.0497      2.38       2.2   0.00114
     9/199     3.71G      2.34      1.01   0.00155      3.35        14       416    0.0306     0.714    0.0358    0.0586      2.34      1.81   0.00114
    10/199     3.71G      2.31      1.01   0.00207      3.32        14       416    0.0363     0.743    0.0763    0.0691       2.3      1.53   0.00375
    11/199     3.71G      2.26     0.961  0.000949      3.22        12       416    0.0442     0.771     0.107    0.0836       2.1      1.34   0.00602
    12/199     3.71G       2.2     0.963   0.00115      3.16        20       416    0.0358     0.657    0.0409    0.0679      2.11      1.53   0.00367
    13/199     3.71G      2.18     0.916  0.000914       3.1        17       416     0.042     0.686    0.0717    0.0792      2.09       1.3   0.00206
    14/199     3.71G      2.27      0.85   0.00103      3.12        10       416    0.0444     0.629    0.0561    0.0829      2.22      1.27   0.00504
    15/199     3.71G      2.22     0.798  0.000872      3.02        12       416    0.0495     0.771    0.0847    0.0931      2.13      1.34   0.00521
    16/199     3.71G      2.19     0.799  0.000845      2.99        10       416    0.0464     0.771    0.0939    0.0875      2.13       1.3   0.00319
    17/199     3.71G      2.19     0.828  0.000448      3.02        11       416    0.0573     0.743     0.102     0.106      1.99       1.2   0.00188
    18/199     3.71G      2.21     0.819   0.00111      3.03        16       416    0.0686     0.829     0.114     0.127      1.95      1.11    0.0024
    19/199     3.71G      2.17     0.774  0.000946      2.94        13       416    0.0709     0.857     0.151     0.131      1.93      1.09   0.00177
    20/199     3.71G      2.17     0.798   0.00314      2.97        15       416    0.0556     0.829    0.0987     0.104       2.1      1.16   0.00114
    21/199     3.71G      2.18     0.814   0.00124      2.99        14       416    0.0676     0.829      0.15     0.125      2.02      1.03  0.000965
    22/199     3.71G      2.18     0.705   0.00191      2.88        11       416    0.0755       0.8     0.124     0.138      2.01     0.981   0.00265
    23/199     3.71G      2.13     0.677   0.00141      2.81        11       416    0.0647     0.743     0.117     0.119      1.95      1.06   0.00259
    24/199     3.71G      2.12     0.747    0.0015      2.87        14       416    0.0612     0.857     0.108     0.114      1.96      1.22   0.00265
    25/199     3.71G       2.1     0.717   0.00161      2.81        17       416    0.0614     0.771    0.0959     0.114       1.9      1.11   0.00182
    26/199     3.71G      1.95     0.683   0.00141      2.63        12       416    0.0833       0.8     0.267     0.151      1.81      1.04    0.0026
    27/199     3.71G      2.01      0.73   0.00133      2.74        15       416     0.067     0.743      0.19     0.123      1.89       1.2   0.00303
    28/199     3.71G      2.09     0.733  0.000835      2.82        16       416    0.0924     0.657     0.182     0.162      2.16      1.09   0.00195
    29/199     3.71G      2.12     0.692   0.00131      2.81        20       416     0.129       0.8     0.308     0.222      1.89      1.01   0.00337
    30/199     3.71G       2.1     0.685     0.002      2.79        18       416    0.0888     0.886      0.36     0.161      1.87      1.17   0.00365
    31/199     3.71G      2.05     0.708    0.0011      2.76        13       416     0.103     0.886     0.389     0.185      1.89         1   0.00369
    32/199     3.71G      2.08     0.684   0.00163      2.76        14       416    0.0871     0.714     0.297     0.155      1.94      1.06    0.0048
    33/199     3.71G      2.03     0.678   0.00141      2.71        16       416      0.15     0.829     0.437     0.254      1.88     0.934   0.00411
    34/199     3.71G      2.05     0.642    0.0013      2.69        16       416     0.127     0.829     0.398      0.22      1.91     0.899   0.00555
    35/199     3.71G      2.01     0.575   0.00124      2.59        14       416     0.131       0.8     0.429     0.226      1.88     0.891   0.00373
    36/199     3.71G      2.04     0.571   0.00165      2.61        12       416     0.153     0.857      0.53      0.26      2.03     0.871   0.00171
    37/199     3.71G      2.07     0.581   0.00119      2.66        15       416     0.116     0.886     0.499     0.205      1.93     0.933   0.00169
    38/199     3.71G      2.04      0.57   0.00084      2.61        13       416     0.126     0.886     0.579     0.221      1.82     0.851    0.0018
    39/199     3.71G      2.03     0.554   0.00253      2.59        14       416     0.169     0.857     0.562     0.282      1.82     0.807   0.00292
    40/199     3.71G      1.99     0.578   0.00122      2.57        14       416     0.149     0.829     0.462     0.253       1.9      0.82   0.00196
    41/199     3.71G      1.97     0.551   0.00163      2.52        17       416     0.121     0.943      0.64     0.215      1.77     0.882   0.00193
    42/199     3.71G      1.96     0.583   0.00148      2.55        12       416     0.111     0.943       0.6     0.198      1.79     0.838   0.00203
    43/199     3.71G      1.95     0.549    0.0011       2.5        14       416    0.0971     0.943     0.501     0.176      1.85     0.871    0.0026
    44/199     3.71G      1.87      0.55    0.0016      2.42        13       416    0.0974     0.857     0.286     0.175      1.76      0.76    0.0029
    45/199     3.71G      1.76     0.587   0.00145      2.35        18       416    0.0791     0.886     0.337     0.145      1.64     0.911   0.00205
    46/199     3.71G      1.59     0.627   0.00188      2.22        20       416    0.0792     0.914     0.495     0.146      1.57     0.808   0.00152
    47/199     3.71G      1.51     0.589   0.00184       2.1        13       416    0.0787     0.886      0.32     0.145      1.93      0.81   0.00151
    48/199     3.71G      1.47      0.54   0.00142      2.01        10       416    0.0912     0.886     0.484     0.165      1.47      0.78   0.00182
    49/199     3.71G      1.36      0.54   0.00186       1.9        14       416    0.0898     0.829     0.548     0.162      1.29     0.895   0.00183
    50/199     3.71G      1.39     0.515   0.00174      1.91        12       416      0.11     0.886     0.393     0.196      1.48     0.807   0.00373
    51/199     3.71G      1.28     0.536   0.00254      1.82        17       416    0.0901     0.829     0.484     0.162      1.23      1.03   0.00334
    52/199     3.71G      1.21       0.5   0.00228      1.71        12       416     0.126     0.914     0.548     0.221      1.13     0.844   0.00551
    53/199     3.71G      1.21     0.535    0.0025      1.75        18       416     0.183     0.943     0.649     0.307      1.17     0.775   0.00653
    54/199     3.71G      1.18     0.513   0.00362       1.7        10       416     0.129     0.829     0.457     0.223       1.2      0.81   0.00726
    55/199     3.71G      1.17     0.497   0.00339      1.67        20       416    0.0997     0.886     0.613     0.179      1.08     0.891   0.00678
    56/199     3.71G      1.14     0.541    0.0047      1.69        10       416     0.108     0.914     0.681     0.193      1.11     0.837   0.00819
    57/199     3.71G      1.09     0.472   0.00359      1.56         9       416     0.169     0.886     0.664     0.284      1.09     0.755    0.0059
    58/199     3.71G      1.14     0.459    0.0036       1.6        13       416     0.191     0.971     0.748     0.319      1.21     0.687   0.00958
    59/199     3.71G      1.08      0.47    0.0123      1.56        12       416     0.177     0.914     0.688     0.296      1.06     0.717   0.00744
    60/199     3.71G      1.11     0.498   0.00381      1.61        14       416     0.169     0.943      0.58     0.287      1.15     0.686   0.00615
    61/199     3.71G      1.13     0.488   0.00412      1.62        13       416      0.15     0.943     0.724     0.259     0.981     0.735   0.00713
    62/199     3.71G      1.03     0.466   0.00481       1.5        21       416     0.148     0.971     0.817     0.257      1.04     0.763   0.00687
    63/199     3.71G      1.01      0.43    0.0062      1.44        11       416     0.199     0.857     0.681     0.323      1.12     0.705   0.00559
    64/199     3.71G      1.05     0.397   0.00642      1.46        15       416     0.164     0.971     0.856     0.281       1.1     0.691   0.00466
    65/199     3.71G      1.04     0.469    0.0217      1.54        20       416     0.195     0.971     0.735     0.325      1.14     0.618   0.00521
    66/199     3.71G      1.13     0.438   0.00218      1.57        14       416     0.236     0.943     0.826     0.377      1.08     0.591   0.00273
    67/199     3.71G      1.03     0.441   0.00516      1.47        19       416     0.224     0.971     0.815     0.364     0.881     0.597   0.00574
    68/199     3.71G     0.966     0.479   0.00414      1.45        16       416     0.173     0.971     0.733     0.293     0.933     0.707   0.00574
    69/199     3.71G     0.969     0.432   0.00245       1.4        14       416     0.224     0.971     0.855     0.364     0.997     0.586   0.00363
    70/199     3.71G      1.01     0.448   0.00261      1.46        12       416     0.151     0.943     0.808     0.261      1.05     0.685   0.00243
    71/199     3.71G      1.07     0.448   0.00276      1.52        14       416     0.241     0.971     0.869     0.386      0.94      0.57   0.00328
    72/199     3.71G      0.99     0.439   0.00343      1.43        16       416     0.217     0.971     0.872     0.354     0.943     0.618   0.00389
    73/199     3.71G      0.86     0.398   0.00563      1.26        16       416     0.193     0.971     0.819     0.322     0.892      0.65   0.00496
    74/199     3.71G     0.899     0.404    0.0068      1.31        16       416     0.279     0.971     0.859     0.433     0.917     0.576   0.00861
    75/199     3.71G     0.882     0.404   0.00625      1.29        17       416     0.324     0.971     0.857     0.486      0.83     0.543   0.00879
    76/199     3.71G     0.854      0.37   0.00536      1.23        14       416     0.266     0.971     0.848     0.417     0.931     0.521   0.00721
    77/199     3.71G     0.879     0.411   0.00798       1.3        14       416     0.204     0.971     0.872     0.337     0.886     0.567    0.0051
    78/199     3.71G     0.931     0.388   0.00378      1.32         9       416     0.227     0.971     0.884     0.368         1     0.564   0.00439
    79/199     3.71G      0.86      0.43    0.0044      1.29        15       416     0.192     0.971     0.897     0.321     0.921     0.598   0.00349
    80/199     3.71G     0.909     0.356   0.00456      1.27        14       416     0.343     0.971     0.881     0.507     0.862     0.524   0.00904
    81/199     3.71G     0.896     0.397   0.00897       1.3        12       416     0.264     0.971     0.842     0.415     0.848     0.563   0.00894
    82/199     3.71G     0.878     0.402   0.00675      1.29        17       416     0.207     0.971     0.881     0.342     0.902     0.617   0.00562
    83/199     3.71G     0.882     0.426   0.00536      1.31        13       416     0.268     0.971     0.883      0.42     0.813     0.521   0.00761
    84/199     3.71G     0.854     0.392   0.00671      1.25        14       416     0.288     0.971     0.895     0.444      0.84     0.492   0.00827
    85/199     3.71G     0.863     0.359    0.0103      1.23        11       416     0.343     0.971     0.894     0.507     0.866     0.485   0.00723
    86/199     3.71G     0.862     0.366   0.00376      1.23        15       416     0.214     0.971     0.886     0.351      1.11     0.552    0.0029
    87/199     3.71G     0.879     0.349   0.00389      1.23        15       416     0.187     0.971     0.887     0.313     0.906      0.76   0.00233
    88/199     3.71G     0.848      0.33   0.00296      1.18        14       416     0.246     0.971     0.902     0.393     0.915     0.485   0.00375
    89/199     3.71G     0.853     0.357    0.0037      1.21         8       416     0.238     0.971     0.871     0.382     0.801     0.569   0.00424
    90/199     3.71G     0.839     0.361   0.00369       1.2        15       416      0.34     0.971     0.907     0.504     0.969     0.504   0.00736
    91/199     3.71G     0.831     0.357   0.00717       1.2        13       416     0.374     0.971     0.916      0.54     0.806     0.452   0.00789
    92/199     3.71G     0.833      0.39   0.00548      1.23        18       416      0.34     0.971     0.912     0.504     0.833     0.461   0.00629
    93/199     3.71G     0.764     0.335   0.00727      1.11        12       416       0.4     0.971     0.916     0.567     0.863     0.465   0.00587
    94/199     3.71G     0.816     0.356   0.00505      1.18        18       416     0.281     0.971     0.902     0.436     0.816     0.498    0.0045
    95/199     3.71G     0.795      0.33   0.00433      1.13        15       416      0.33     0.971     0.919     0.493      0.78     0.446   0.00402
    96/199     3.71G     0.852     0.355   0.00325      1.21        16       416     0.258     0.971     0.905     0.407      1.05     0.515    0.0043
    97/199     3.71G     0.823     0.348   0.00342      1.17        15       416      0.34     0.971     0.912     0.504     0.847     0.442    0.0053
    98/199     3.71G     0.766     0.315   0.00771      1.09        15       416      0.26     0.971     0.913      0.41     0.846     0.501   0.00479
    99/199     3.71G     0.807     0.332   0.00458      1.14        13       416     0.312     0.971     0.933     0.472      0.71     0.457   0.00546
   100/199     3.71G       0.8      0.33   0.00573      1.14         9       416     0.358     0.971     0.914     0.523     0.831     0.427   0.00685
   101/199     3.71G     0.749     0.307   0.00627      1.06        11       416     0.343     0.971     0.905     0.507      0.74     0.444   0.00774
   102/199     3.71G     0.712      0.32   0.00559      1.04         9       416      0.26     0.971     0.886      0.41     0.899     0.558   0.00521
   103/199     3.71G     0.769     0.312   0.00357      1.08        14       416     0.246     0.971     0.917     0.393     0.858      0.54   0.00236
   104/199     3.71G     0.795     0.317   0.00312      1.11        14       416     0.378     0.971      0.92     0.544     0.888      0.42   0.00545
   105/199     3.71G     0.779     0.334   0.00405      1.12        12       416     0.436     0.971     0.927     0.602     0.696     0.415   0.00798
   106/199     3.71G     0.776     0.384   0.00443      1.16        16       416     0.238     0.971     0.917     0.382     0.831     0.579   0.00458
   107/199     3.71G     0.755      0.33   0.00401      1.09        10       416     0.343     0.971     0.923     0.507     0.785      0.48   0.00492
   108/199     3.71G     0.751     0.314   0.00424      1.07        17       416     0.382     0.971     0.929     0.548     0.771     0.441   0.00502
   109/199     3.71G     0.735     0.313   0.00628      1.05        14       416     0.466     0.971     0.932      0.63     0.677     0.405   0.00624
   110/199     3.71G      0.79     0.307   0.00505       1.1        11       416     0.296     0.971     0.937     0.453     0.702     0.494   0.00394
   111/199     3.71G     0.723     0.315   0.00359      1.04        11       416     0.337     0.971     0.924       0.5     0.695      0.45   0.00456
   112/199     3.71G     0.705     0.322   0.00407      1.03        16       416     0.312     0.971     0.919     0.472     0.805     0.447   0.00412
   113/199     3.71G     0.725     0.305   0.00305      1.03        16       416     0.298     0.971     0.916     0.456     0.681     0.446   0.00589
   114/199     3.71G     0.693     0.289   0.00431     0.986        14       416     0.395     0.971     0.904     0.562     0.734     0.405   0.00676
   115/199     3.71G     0.708     0.299    0.0037      1.01        13       416     0.425     0.971     0.917     0.591       0.7      0.38   0.00326
   116/199     3.71G     0.749     0.303    0.0031      1.05        17       416      0.33     0.971     0.938     0.493     0.717     0.396   0.00563
   117/199     3.71G     0.734     0.321   0.00395      1.06        14       416     0.354     0.971     0.934     0.519     0.718     0.423   0.00583
   118/199     3.71G     0.701     0.299    0.0035         1        14       416       0.4     0.971      0.92     0.567     0.775     0.421    0.0069
   119/199     3.71G     0.705     0.299   0.00482      1.01        17       416     0.395     0.971     0.932     0.562     0.694     0.375   0.00597
   120/199     3.71G     0.712      0.32   0.00421      1.04        12       416     0.436     0.971     0.937     0.602     0.798     0.368   0.00774
   121/199     3.71G     0.685     0.309    0.0067         1         8       416     0.318     0.971     0.943     0.479     0.679     0.477   0.00327
   122/199     3.71G     0.711     0.298   0.00331      1.01        14       416     0.366     0.971      0.93     0.531     0.864     0.438   0.00264
   123/199     3.71G     0.769     0.298   0.00306      1.07        12       416     0.459     0.971     0.948     0.624     0.663      0.36   0.00369
   124/199     3.71G     0.738     0.322   0.00374      1.06        13       416     0.442     0.971     0.943     0.607     0.753     0.369   0.00551
   125/199     3.71G     0.719     0.311    0.0037      1.03        16       416     0.378     0.971     0.943     0.544     0.754     0.412   0.00488
   126/199     3.71G      0.72      0.28   0.00565      1.01        15       416     0.415     0.971     0.946     0.581     0.697     0.367   0.00551
   127/199     3.71G     0.643     0.282    0.0052      0.93        19       416     0.366     0.971     0.951     0.531     0.735     0.378   0.00385
   128/199     3.71G      0.68     0.309   0.00387     0.993        12       416     0.366     0.971     0.949     0.531     0.714     0.372    0.0046
   129/199     3.71G     0.621      0.28   0.00363     0.904        20       416      0.37     0.971     0.953     0.535      0.79     0.374   0.00347
   130/199     3.71G     0.698     0.275   0.00358     0.977        11       416     0.425     0.971     0.952     0.591     0.777     0.355   0.00495
   131/199     3.71G     0.735     0.296    0.0034      1.03        18       416     0.459     0.971     0.951     0.624     0.716     0.336   0.00555
   132/199     3.71G      0.62     0.263     0.003     0.886        13       416      0.41     0.971      0.93     0.576     0.745     0.399   0.00458
   133/199     3.71G     0.635     0.268   0.00339     0.906        10       416       0.4     0.971     0.956     0.567     0.638     0.337   0.00567
   134/199     3.71G     0.656     0.285   0.00433     0.946        15       416     0.382     0.971     0.955     0.548     0.782      0.38   0.00339
   135/199     3.71G     0.665     0.311   0.00387      0.98        16       416     0.507     0.971     0.952     0.667     0.649     0.331   0.00442
   136/199     3.71G     0.652     0.312   0.00325     0.967        14       416     0.425     0.971     0.946     0.591     0.638     0.356    0.0067
   137/199     3.71G     0.658      0.28   0.00333     0.941        12       416     0.436     0.971     0.951     0.602      0.63     0.339   0.00406
   138/199     3.71G     0.678     0.308   0.00259     0.989        15       416       0.5     0.971     0.952      0.66     0.783     0.302   0.00611
   139/199     3.71G     0.639     0.271   0.00464     0.914        13       416     0.453     0.971     0.955     0.618     0.696     0.335   0.00525
   140/199     3.71G     0.634      0.27   0.00402     0.908        15       416      0.54     0.971     0.955     0.694     0.676     0.352   0.00547
   141/199     3.71G     0.654     0.245   0.00651     0.906        13       416     0.479     0.971     0.952     0.642     0.676      0.39   0.00371
   142/199     3.71G     0.651     0.312   0.00432     0.968        16       416     0.453     0.971     0.952     0.618     0.615     0.357   0.00369
   143/199     3.71G      0.63     0.276   0.00413      0.91        19       416     0.366     0.971     0.938     0.531     0.752     0.403   0.00337
   144/199     3.71G     0.678     0.257    0.0033     0.938        12       416     0.453     0.971     0.942     0.618     0.813     0.319   0.00395
   145/199     3.71G     0.665     0.278   0.00294     0.946        16       416     0.479     0.971     0.951     0.642     0.622     0.319   0.00363
   146/199     3.71G     0.653     0.296   0.00226     0.951        16       416     0.391     0.971     0.952     0.557     0.631     0.361   0.00288
   147/199     3.71G      0.61     0.252   0.00277     0.864        15       416      0.42     0.971     0.949     0.586     0.666      0.34   0.00319
   148/199     3.71G     0.644     0.291   0.00301     0.939        19       416     0.486     0.971     0.948     0.648     0.636     0.306   0.00342
   149/199     3.71G     0.609     0.268   0.00294      0.88        14       416       0.5     0.971     0.948      0.66     0.668     0.298   0.00369
   150/199     3.71G     0.608     0.249   0.00348     0.861        11       416     0.532     0.943     0.928      0.68     0.641       0.3   0.00316
   151/199     3.71G     0.635     0.266   0.00252     0.904        12       416     0.557     0.971     0.956     0.708     0.596     0.309   0.00371
   152/199     3.71G     0.639     0.262   0.00247     0.904        19       416     0.459     0.971     0.956     0.624     0.794     0.363   0.00293
   153/199     3.71G     0.647     0.285   0.00401     0.936        13       416      0.54     0.971     0.946     0.694     0.724     0.335   0.00377
   154/199     3.71G     0.627     0.269   0.00383     0.899        18       416      0.54     0.971     0.926     0.694      0.66     0.341   0.00642
   155/199     3.71G     0.654     0.279   0.00374     0.937        11       416     0.493     0.971     0.943     0.654     0.705     0.345   0.00539
   156/199     3.71G     0.636     0.257    0.0039     0.896        10       416     0.523     0.971     0.937      0.68     0.724     0.316   0.00638
   157/199     3.71G      0.64      0.25   0.00291     0.893        12       416     0.479     0.971     0.938     0.642     0.633     0.346    0.0047
   158/199     3.71G     0.604     0.271   0.00275     0.877        16       416     0.436     0.971     0.947     0.602     0.684       0.4   0.00462
   159/199     3.71G     0.643     0.267   0.00491     0.915        15       416     0.486     0.971     0.949     0.648      0.74     0.354   0.00551
   160/199     3.71G     0.642      0.27   0.00301     0.915        12       416     0.567     0.971     0.956     0.716     0.701     0.309   0.00766
   161/199     3.71G     0.634      0.26   0.00381     0.898        15       416      0.54     0.971     0.957     0.694     0.591     0.315   0.00691
   162/199     3.71G     0.568     0.251   0.00445     0.823        10       416     0.507     0.971     0.958     0.667       0.6     0.335   0.00498
   163/199     3.71G     0.576     0.265    0.0034     0.844        24       416     0.507     0.971     0.958     0.667     0.582     0.326   0.00498
   164/199     3.71G     0.565     0.249   0.00339     0.817        13       416     0.493     0.971     0.959     0.654     0.576     0.331   0.00461
   165/199     3.71G     0.569     0.238   0.00319      0.81        12       416     0.507     0.971      0.96     0.667     0.587     0.337    0.0044
   166/199     3.71G     0.576     0.265   0.00284     0.844        16       416     0.531     0.971     0.958     0.687     0.576     0.321   0.00406
   167/199     3.71G     0.565     0.255   0.00313     0.823        19       416     0.515     0.971      0.96     0.673     0.567     0.323   0.00375
   168/199     3.71G     0.531     0.245   0.00225     0.779        15       416     0.523     0.971      0.96      0.68     0.584     0.321   0.00315
   169/199     3.71G     0.563     0.255   0.00217      0.82         9       416     0.507     0.971      0.96     0.667     0.582     0.325   0.00289
   170/199     3.71G     0.537     0.237   0.00216     0.777        13       416     0.493     0.971     0.959     0.654     0.551      0.32   0.00282
   171/199     3.71G     0.574     0.268   0.00218     0.844        14       416     0.486     0.971      0.96     0.648     0.548     0.322   0.00282
   172/199     3.71G      0.55     0.252   0.00212     0.804        12       416     0.493     0.971      0.96     0.654     0.567     0.327   0.00275
   173/199     3.71G     0.558     0.257   0.00274     0.818        16       416       0.5     0.971     0.959      0.66     0.566     0.332   0.00277
   174/199     3.71G     0.558     0.241   0.00224     0.801        13       416     0.507     0.971      0.96     0.667     0.549     0.312   0.00303
   175/199     3.71G     0.538     0.276   0.00337     0.818        14       416     0.507     0.971     0.959     0.667      0.55     0.305   0.00306
   176/199     3.71G     0.515     0.245   0.00216     0.762         9       416     0.507     0.971     0.961     0.667     0.558     0.324    0.0026
   177/199     3.71G      0.53     0.213   0.00204     0.745        11       416     0.507     0.971     0.962     0.667     0.563     0.332   0.00239
   178/199     3.71G     0.524     0.232    0.0022     0.758        12       416     0.515     0.971     0.961     0.673     0.552     0.311   0.00245
   179/199     3.71G     0.528     0.229   0.00191     0.759        17       416      0.54     0.971      0.96     0.694     0.561       0.3   0.00223
   180/199     3.71G     0.566     0.249   0.00219     0.817        21       416     0.548     0.971     0.959     0.701      0.56     0.293   0.00236
   181/199     3.71G     0.574     0.261   0.00243     0.837        17       416     0.548     0.971     0.959     0.701     0.556     0.295   0.00231
   182/199     3.71G     0.536     0.237   0.00256     0.775        13       416     0.548     0.971     0.959     0.701      0.55     0.296   0.00227
   183/199     3.71G     0.529     0.235   0.00174     0.766        19       416     0.548     0.971      0.96     0.701     0.542     0.295   0.00241
   184/199     3.71G     0.532     0.279   0.00185     0.812        19       416     0.548     0.971      0.96     0.701     0.543     0.291   0.00245
   185/199     3.71G     0.535     0.256   0.00227     0.793        14       416     0.531     0.971      0.96     0.687     0.543     0.297   0.00237
   186/199     3.71G     0.543     0.243   0.00175     0.788        16       416     0.531     0.971      0.96     0.687     0.544     0.302   0.00227
   187/199     3.71G      0.54     0.234   0.00189     0.776        17       416      0.54     0.971      0.96     0.694      0.54     0.296   0.00233
   188/199     3.71G     0.555     0.289    0.0016     0.846        18       416     0.531     0.971      0.96     0.687     0.535     0.302    0.0023
   189/199     3.71G     0.544     0.273   0.00209     0.819        12       416     0.531     0.971      0.96     0.687     0.536     0.301   0.00236
   190/199     3.71G     0.538     0.252   0.00195     0.792        19       416     0.531     0.971      0.96     0.687     0.541     0.312   0.00211
   191/199     3.71G     0.527     0.238   0.00411      0.77         8       416      0.54     0.971     0.959     0.694     0.542     0.308   0.00229
   192/199     3.71G     0.528     0.277   0.00172     0.808        20       416      0.54     0.971      0.96     0.694     0.533       0.3   0.00214
   193/199     3.71G     0.531      0.24   0.00192     0.773        14       416     0.531     0.971      0.96     0.687     0.537     0.311   0.00217
   194/199     3.71G     0.535     0.259   0.00197     0.796        19       416      0.54     0.971     0.959     0.694     0.536      0.32   0.00211
   195/199     3.71G      0.54     0.256   0.00165     0.797        14       416     0.523     0.971      0.96      0.68     0.534     0.309   0.00219
   196/199     3.71G     0.543     0.248   0.00181     0.793        18       416     0.523     0.971     0.959      0.68     0.537      0.31   0.00211
   197/199     3.71G     0.521     0.217   0.00146     0.739        12       416     0.523     0.971     0.959      0.68     0.537     0.313   0.00198
   198/199     3.71G     0.544     0.218    0.0017     0.764        12       416     0.523     0.971     0.959      0.68     0.537     0.313   0.00201
   199/199     3.71G     0.525     0.224   0.00161     0.751        12       416    0.0523     0.971      0.96    0.0993     0.538     0.309   0.00204
